0.1 0.181034 -0.193533
0.15 0.25759 -0.254175
0.2 0.334779 -0.332578
0.25 0.423796 -0.422916
0.3 0.477838 -0.48924
0.35 0.512085 -0.57967
0.4 0.609593 -0.607892
0.45 0.632869 -0.660323
0.5 0.692813 -0.655381
0.55 0.691356 -0.69797
0.6 0.704782 -0.722287
0.65 0.703648 -0.716056
0.7 0.741281 -0.731118
0.75 0.761403 -0.74069
0.8 0.743038 -0.740477
0.85 0.751994 -0.754426
0.9 0.766492 -0.753505
0.95 0.768129 -0.741903
1 0.763948 -0.750952
1.05 0.743469 -0.75106
1.1 0.758895 -0.760893
1.15 0.772064 -0.766724
1.2 0.749296 -0.765468
1.25 0.78417 -0.796461
1.3 0.778535 -0.770556
1.35 0.770738 -0.777687
1.4 0.79504 -0.769522
1.45 0.774156 -0.780618
1.5 0.773728 -0.752645
1.55 0.783826 -0.788095
1.6 0.784848 -0.79656
1.65 0.753777 -0.7874
1.7 0.770426 -0.774192
1.75 0.738975 -0.745787
1.8 0.74523 -0.768056
1.85 0.773618 -0.771718
1.9 0.779028 -0.76814
1.95 0.740379 -0.791225
